3.536000000000000227e+02
3.533999999999999773e+02
3.570000000000000000e+02
3.566999999999999886e+02
3.513000000000000114e+02
3.683000000000000114e+02
3.563000000000000114e+02
3.610000000000000000e+02
3.553000000000000114e+02
3.541000000000000227e+02
3.575000000000000000e+02
3.631000000000000227e+02
3.561000000000000227e+02
3.578000000000000114e+02
3.505000000000000000e+02
3.516999999999999886e+02
3.578999999999999773e+02
3.655000000000000000e+02
3.508000000000000114e+02
3.563999999999999773e+02
3.558999999999999773e+02
3.578999999999999773e+02
3.503999999999999773e+02
3.558999999999999773e+02
3.521000000000000227e+02
3.553000000000000114e+02
3.640000000000000000e+02
3.528999999999999773e+02
3.631999999999999886e+02
3.588000000000000114e+02
3.543000000000000114e+02
3.541999999999999886e+02
3.581999999999999886e+02
3.628999999999999773e+02
3.570000000000000000e+02
3.645000000000000000e+02
3.551999999999999886e+02
3.523000000000000114e+02
3.581999999999999886e+02
3.571000000000000227e+02
3.520000000000000000e+02
3.523000000000000114e+02
3.445000000000000000e+02
3.546999999999999886e+02
3.600000000000000000e+02
3.560000000000000000e+02
3.546999999999999886e+02
3.531999999999999886e+02
3.656000000000000227e+02
3.588999999999999773e+02
3.520000000000000000e+02
3.531999999999999886e+02
3.586000000000000227e+02
3.626000000000000227e+02
3.563000000000000114e+02
3.693999999999999773e+02
3.556999999999999886e+02
3.606999999999999886e+02
3.581999999999999886e+02
3.650000000000000000e+02
3.601999999999999886e+02
3.588000000000000114e+02
3.666000000000000227e+02
3.476999999999999886e+02
3.546999999999999886e+02
3.603999999999999773e+02
3.593999999999999773e+02
3.585000000000000000e+02
3.560000000000000000e+02
3.583000000000000114e+02
3.635000000000000000e+02
3.583999999999999773e+02
3.550000000000000000e+02
3.608000000000000114e+02
3.570000000000000000e+02
3.576999999999999886e+02
3.540000000000000000e+02
3.620000000000000000e+02
3.581999999999999886e+02
3.680000000000000000e+02
3.561000000000000227e+02
3.605000000000000000e+02
3.543000000000000114e+02
3.523999999999999773e+02
3.563000000000000114e+02
3.615000000000000000e+02
3.535000000000000000e+02
3.633000000000000114e+02
3.568000000000000114e+02
3.553999999999999773e+02
3.523999999999999773e+02
3.556999999999999886e+02
3.566999999999999886e+02
3.568999999999999773e+02
3.615000000000000000e+02
3.515000000000000000e+02
3.586999999999999886e+02
3.600000000000000000e+02
3.466999999999999886e+02
3.546000000000000227e+02
3.541999999999999886e+02
3.561999999999999886e+02
3.611999999999999886e+02
3.641000000000000227e+02
3.545000000000000000e+02
3.591999999999999886e+02
3.550000000000000000e+02
3.631999999999999886e+02
3.566000000000000227e+02
3.568999999999999773e+02
3.648999999999999773e+02
3.538000000000000114e+02
3.571000000000000227e+02
3.495000000000000000e+02
3.583000000000000114e+02
3.548000000000000114e+02
3.570000000000000000e+02
3.580000000000000000e+02
3.588000000000000114e+02
3.581999999999999886e+02
3.525000000000000000e+02
3.601000000000000227e+02
3.613000000000000114e+02
3.518999999999999773e+02
3.561000000000000227e+02
3.588000000000000114e+02
3.583999999999999773e+02
3.546000000000000227e+02
3.465000000000000000e+02
3.621999999999999886e+02
3.548999999999999773e+02
3.458999999999999773e+02
3.541999999999999886e+02
3.595000000000000000e+02
3.635000000000000000e+02
3.556999999999999886e+02
3.588000000000000114e+02
3.491000000000000227e+02
3.526000000000000227e+02
3.583000000000000114e+02
3.463999999999999773e+02
3.546999999999999886e+02
3.616999999999999886e+02
3.536999999999999886e+02
3.586999999999999886e+02
3.601000000000000227e+02
3.536999999999999886e+02
3.608000000000000114e+02
3.668999999999999773e+02
3.603999999999999773e+02
3.541999999999999886e+02
3.601999999999999886e+02
3.563999999999999773e+02
3.543999999999999773e+02
3.603000000000000114e+02
3.585000000000000000e+02
3.631999999999999886e+02
3.583999999999999773e+02
3.588000000000000114e+02
3.511999999999999886e+02
3.543000000000000114e+02
3.593000000000000114e+02
3.618000000000000114e+02
3.556999999999999886e+02
3.548999999999999773e+02
3.526999999999999886e+02
3.583000000000000114e+02
3.548999999999999773e+02
3.563999999999999773e+02
3.605000000000000000e+02
3.585000000000000000e+02
3.591000000000000227e+02
3.606999999999999886e+02
3.508999999999999773e+02
3.651000000000000227e+02
3.491000000000000227e+02
3.583000000000000114e+02
3.591000000000000227e+02
3.546000000000000227e+02
3.631000000000000227e+02
3.535000000000000000e+02
3.571000000000000227e+02
3.568000000000000114e+02
3.616999999999999886e+02
3.536000000000000227e+02
3.593000000000000114e+02
3.558999999999999773e+02
3.558999999999999773e+02
3.621000000000000227e+02
3.636999999999999886e+02
3.638000000000000114e+02
3.526000000000000227e+02
3.608999999999999773e+02
3.593000000000000114e+02
3.533999999999999773e+02
3.588000000000000114e+02
3.558999999999999773e+02
3.555000000000000000e+02
3.551999999999999886e+02
3.585000000000000000e+02
3.610000000000000000e+02
3.621999999999999886e+02
3.580000000000000000e+02
3.590000000000000000e+02
3.508999999999999773e+02
3.570000000000000000e+02
3.606000000000000227e+02
3.591000000000000227e+02
3.596999999999999886e+02
3.568000000000000114e+02
3.616999999999999886e+02
3.506999999999999886e+02
3.553000000000000114e+02
3.530000000000000000e+02
3.590000000000000000e+02
3.601999999999999886e+02
3.526000000000000227e+02
3.555000000000000000e+02
3.616999999999999886e+02
3.545000000000000000e+02
3.521999999999999886e+02
3.588999999999999773e+02
3.536999999999999886e+02
3.586000000000000227e+02
3.536000000000000227e+02
3.583000000000000114e+02
3.630000000000000000e+02
3.686000000000000227e+02
3.563000000000000114e+02
3.575000000000000000e+02
3.618999999999999773e+02
3.583999999999999773e+02
3.576000000000000227e+02
3.518000000000000114e+02
3.555000000000000000e+02
3.530000000000000000e+02
3.566999999999999886e+02
3.566999999999999886e+02
3.581999999999999886e+02
3.550000000000000000e+02
3.578000000000000114e+02
3.583000000000000114e+02
3.568000000000000114e+02
3.523000000000000114e+02
3.515000000000000000e+02
3.473999999999999773e+02
3.551000000000000227e+02
3.551999999999999886e+02
3.548000000000000114e+02
3.581999999999999886e+02
3.591999999999999886e+02
3.648000000000000114e+02
3.513000000000000114e+02
3.493999999999999773e+02
3.521999999999999886e+02
3.595000000000000000e+02
3.566999999999999886e+02
3.563999999999999773e+02
3.525000000000000000e+02
3.605000000000000000e+02
3.596000000000000227e+02
3.571999999999999886e+02
3.513999999999999773e+02
3.560000000000000000e+02
3.590000000000000000e+02
3.561999999999999886e+02
3.581000000000000227e+02
3.591999999999999886e+02
3.586000000000000227e+02
3.576000000000000227e+02
3.565000000000000000e+02
3.538999999999999773e+02
3.521000000000000227e+02
3.595000000000000000e+02
3.538000000000000114e+02
3.571000000000000227e+02
3.518000000000000114e+02
3.561999999999999886e+02
3.643000000000000114e+02
3.593000000000000114e+02
3.571000000000000227e+02
3.558999999999999773e+02
3.588000000000000114e+02
3.566999999999999886e+02
3.596000000000000227e+02
3.591000000000000227e+02
3.473000000000000114e+02
3.536000000000000227e+02
3.535000000000000000e+02
3.576000000000000227e+02
3.528999999999999773e+02
3.581999999999999886e+02
3.605000000000000000e+02
3.568000000000000114e+02
3.521999999999999886e+02
3.623999999999999773e+02
3.615000000000000000e+02
3.555000000000000000e+02
3.498999999999999773e+02
3.501000000000000227e+02
3.598999999999999773e+02
3.508000000000000114e+02
3.580000000000000000e+02
3.543000000000000114e+02
3.538999999999999773e+02
3.576999999999999886e+02
3.618000000000000114e+02
3.543999999999999773e+02
3.608000000000000114e+02
3.556999999999999886e+02
3.575000000000000000e+02
3.493000000000000114e+02
3.526999999999999886e+02
3.538999999999999773e+02
3.531000000000000227e+02
3.638999999999999773e+02
3.620000000000000000e+02
3.578000000000000114e+02
3.508000000000000114e+02
3.533000000000000114e+02
3.528000000000000114e+02
3.636000000000000227e+02
3.611999999999999886e+02
3.570000000000000000e+02
3.611999999999999886e+02
3.631999999999999886e+02
3.638999999999999773e+02
3.595000000000000000e+02
3.510000000000000000e+02
3.548999999999999773e+02
3.596000000000000227e+02
3.573000000000000114e+02
3.601999999999999886e+02
3.558000000000000114e+02
3.603000000000000114e+02
3.611000000000000227e+02
3.531000000000000227e+02
3.598999999999999773e+02
3.616999999999999886e+02
3.605000000000000000e+02
3.613999999999999773e+02
3.593999999999999773e+02
3.586000000000000227e+02
3.573000000000000114e+02
3.556000000000000227e+02
3.516999999999999886e+02
3.618999999999999773e+02
3.526000000000000227e+02
3.593999999999999773e+02
3.476000000000000227e+02
3.556999999999999886e+02
3.626000000000000227e+02
3.570000000000000000e+02
3.508000000000000114e+02
3.528999999999999773e+02
3.560000000000000000e+02
3.523999999999999773e+02
3.601000000000000227e+02
3.508000000000000114e+02
3.566000000000000227e+02
3.565000000000000000e+02
3.578999999999999773e+02
3.596000000000000227e+02
3.643999999999999773e+02
3.570000000000000000e+02
3.598999999999999773e+02
3.580000000000000000e+02
3.541999999999999886e+02
3.643999999999999773e+02
3.553000000000000114e+02
3.548000000000000114e+02
3.515000000000000000e+02
3.560000000000000000e+02
3.501999999999999886e+02
3.601000000000000227e+02
3.558999999999999773e+02
3.555000000000000000e+02
3.576000000000000227e+02
3.648999999999999773e+02
3.625000000000000000e+02
3.666000000000000227e+02
3.575000000000000000e+02
3.591999999999999886e+02
3.641000000000000227e+02
3.531999999999999886e+02
3.528999999999999773e+02
3.561000000000000227e+02
3.543000000000000114e+02
3.631000000000000227e+02
3.530000000000000000e+02
3.545000000000000000e+02
3.528999999999999773e+02
3.553000000000000114e+02
3.596000000000000227e+02
3.553999999999999773e+02
3.566999999999999886e+02
3.581000000000000227e+02
3.516999999999999886e+02
3.606999999999999886e+02
3.566000000000000227e+02
3.608000000000000114e+02
3.623000000000000114e+02
3.523999999999999773e+02
3.620000000000000000e+02
3.556000000000000227e+02
3.601999999999999886e+02
3.610000000000000000e+02
3.566000000000000227e+02
3.496000000000000227e+02
3.611000000000000227e+02
3.573000000000000114e+02
3.548000000000000114e+02
3.625000000000000000e+02
3.553999999999999773e+02
3.585000000000000000e+02
3.541999999999999886e+02
3.600000000000000000e+02
3.566999999999999886e+02
3.603000000000000114e+02
3.546000000000000227e+02
3.558999999999999773e+02
3.586000000000000227e+02
3.585000000000000000e+02
3.586999999999999886e+02
3.533999999999999773e+02
3.603000000000000114e+02
3.543999999999999773e+02
3.651000000000000227e+02
3.548999999999999773e+02
3.501999999999999886e+02
3.586999999999999886e+02
3.476000000000000227e+02
3.616000000000000227e+02
3.466000000000000227e+02
3.576999999999999886e+02
3.565000000000000000e+02
3.596999999999999886e+02
3.616999999999999886e+02
3.636000000000000227e+02
3.616000000000000227e+02
3.591999999999999886e+02
3.565000000000000000e+02
3.531999999999999886e+02
3.576999999999999886e+02
3.585000000000000000e+02
3.561000000000000227e+02
3.538000000000000114e+02
3.558999999999999773e+02
3.601999999999999886e+02
3.571999999999999886e+02
3.586999999999999886e+02
3.516000000000000227e+02
3.583000000000000114e+02
3.621999999999999886e+02
3.538999999999999773e+02
3.578999999999999773e+02
3.566000000000000227e+02
3.573000000000000114e+02
3.593999999999999773e+02
3.581999999999999886e+02
3.573000000000000114e+02
3.525000000000000000e+02
3.598000000000000114e+02
3.553999999999999773e+02
3.613999999999999773e+02
3.550000000000000000e+02
3.573000000000000114e+02
3.656000000000000227e+02
3.630000000000000000e+02
3.541000000000000227e+02
3.541999999999999886e+02
3.621000000000000227e+02
3.610000000000000000e+02
3.518000000000000114e+02
3.603999999999999773e+02
3.536999999999999886e+02
3.598000000000000114e+02
3.566000000000000227e+02
3.560000000000000000e+02
3.616999999999999886e+02
3.516999999999999886e+02
3.560000000000000000e+02
3.616999999999999886e+02
3.570000000000000000e+02
3.538000000000000114e+02
3.620000000000000000e+02
3.638000000000000114e+02
3.573999999999999773e+02
3.541000000000000227e+02
3.538999999999999773e+02
3.615000000000000000e+02
3.533999999999999773e+02
3.663999999999999773e+02
3.573999999999999773e+02
3.561000000000000227e+02
3.636000000000000227e+02
3.541999999999999886e+02
3.525000000000000000e+02
3.615000000000000000e+02
3.583000000000000114e+02
3.603999999999999773e+02
3.570000000000000000e+02
3.543999999999999773e+02
3.608000000000000114e+02
3.545000000000000000e+02
3.561999999999999886e+02
3.641000000000000227e+02
3.621999999999999886e+02
3.536999999999999886e+02
3.578999999999999773e+02
3.566000000000000227e+02
3.588999999999999773e+02
3.551999999999999886e+02
3.591999999999999886e+02
3.520000000000000000e+02
3.606999999999999886e+02
3.586999999999999886e+02
3.585000000000000000e+02
3.581000000000000227e+02
3.641000000000000227e+02
3.600000000000000000e+02
3.600000000000000000e+02
3.613000000000000114e+02
3.535000000000000000e+02
3.575000000000000000e+02
3.570000000000000000e+02
3.571000000000000227e+02
3.550000000000000000e+02
3.573000000000000114e+02
3.525000000000000000e+02
3.563999999999999773e+02
3.558000000000000114e+02
3.543000000000000114e+02
3.551000000000000227e+02
3.623999999999999773e+02
3.586999999999999886e+02
3.573999999999999773e+02
3.581999999999999886e+02
3.570000000000000000e+02
3.583999999999999773e+02
3.598999999999999773e+02
3.530000000000000000e+02
3.483000000000000114e+02
3.570000000000000000e+02
3.666000000000000227e+02
3.553999999999999773e+02
3.616999999999999886e+02
3.488000000000000114e+02
3.575000000000000000e+02
3.621999999999999886e+02
3.545000000000000000e+02
3.580000000000000000e+02
3.595000000000000000e+02
3.583000000000000114e+02
3.560000000000000000e+02
3.563000000000000114e+02
3.581000000000000227e+02
3.571000000000000227e+02
3.541999999999999886e+02
3.501999999999999886e+02
3.611999999999999886e+02
3.546000000000000227e+02
3.585000000000000000e+02
3.630000000000000000e+02
3.595000000000000000e+02
3.591999999999999886e+02
3.591000000000000227e+02
3.535000000000000000e+02
3.601999999999999886e+02
3.643000000000000114e+02
3.591000000000000227e+02
3.620000000000000000e+02
3.586999999999999886e+02
3.580000000000000000e+02
3.586999999999999886e+02
3.638000000000000114e+02
3.503000000000000114e+02
3.498000000000000114e+02
3.621999999999999886e+02
3.596999999999999886e+02
3.603999999999999773e+02
3.596999999999999886e+02
3.556000000000000227e+02
3.596000000000000227e+02
3.606000000000000227e+02
3.601999999999999886e+02
3.571000000000000227e+02
3.511999999999999886e+02
3.583000000000000114e+02
3.611999999999999886e+02
3.466000000000000227e+02
3.645000000000000000e+02
3.683999999999999773e+02
3.528000000000000114e+02
3.533999999999999773e+02
3.650000000000000000e+02
3.621000000000000227e+02
3.571999999999999886e+02
3.558000000000000114e+02
3.588000000000000114e+02
3.546999999999999886e+02
3.630000000000000000e+02
3.628000000000000114e+02
3.638999999999999773e+02
3.578999999999999773e+02
3.538999999999999773e+02
3.553999999999999773e+02
3.535000000000000000e+02
3.591999999999999886e+02
3.590000000000000000e+02
3.590000000000000000e+02
3.603999999999999773e+02
3.545000000000000000e+02
3.530000000000000000e+02
3.630000000000000000e+02
3.546999999999999886e+02
3.521999999999999886e+02
3.606000000000000227e+02
3.535000000000000000e+02
3.553000000000000114e+02
3.631999999999999886e+02
3.588000000000000114e+02
3.645000000000000000e+02
3.528999999999999773e+02
3.628999999999999773e+02
3.595000000000000000e+02
3.578000000000000114e+02
3.580000000000000000e+02
3.621000000000000227e+02
3.573000000000000114e+02
3.565000000000000000e+02
3.591000000000000227e+02
3.558000000000000114e+02
3.540000000000000000e+02
3.658000000000000114e+02
3.581999999999999886e+02
3.541000000000000227e+02
3.580000000000000000e+02
3.540000000000000000e+02
3.621000000000000227e+02
3.556000000000000227e+02
3.513000000000000114e+02
3.630000000000000000e+02
3.601000000000000227e+02
3.596000000000000227e+02
3.626999999999999886e+02
3.581000000000000227e+02
3.565000000000000000e+02
3.503999999999999773e+02
3.543999999999999773e+02
3.681000000000000227e+02
3.620000000000000000e+02
3.585000000000000000e+02
3.566000000000000227e+02
3.548999999999999773e+02
3.580000000000000000e+02
3.601999999999999886e+02
3.615000000000000000e+02
3.575000000000000000e+02
3.611000000000000227e+02
3.516999999999999886e+02
3.543000000000000114e+02
3.613999999999999773e+02
3.581999999999999886e+02
3.551000000000000227e+02
3.575000000000000000e+02
3.658999999999999773e+02
3.643999999999999773e+02
3.635000000000000000e+02
3.475000000000000000e+02
3.571000000000000227e+02
3.581999999999999886e+02
3.556999999999999886e+02
3.543999999999999773e+02
3.535000000000000000e+02
3.553000000000000114e+02
3.541999999999999886e+02
3.568999999999999773e+02
3.628000000000000114e+02
3.516999999999999886e+02
3.568999999999999773e+02
3.583000000000000114e+02
3.601999999999999886e+02
3.613999999999999773e+02
3.648000000000000114e+02
3.578999999999999773e+02
3.466000000000000227e+02
3.563999999999999773e+02
3.600000000000000000e+02
3.561000000000000227e+02
3.558999999999999773e+02
3.578000000000000114e+02
3.583000000000000114e+02
3.558999999999999773e+02
3.541000000000000227e+02
3.538000000000000114e+02
3.498999999999999773e+02
3.561999999999999886e+02
3.570000000000000000e+02
3.553999999999999773e+02
3.573000000000000114e+02
3.506999999999999886e+02
3.551999999999999886e+02
3.633000000000000114e+02
3.620000000000000000e+02
3.578999999999999773e+02
3.613000000000000114e+02
3.588000000000000114e+02
3.618000000000000114e+02
3.506000000000000227e+02
3.628000000000000114e+02
3.601000000000000227e+02
3.566000000000000227e+02
3.658000000000000114e+02
3.580000000000000000e+02
3.570000000000000000e+02
3.555000000000000000e+02
3.543999999999999773e+02
3.543999999999999773e+02
3.573999999999999773e+02
3.591000000000000227e+02
3.581000000000000227e+02
3.576999999999999886e+02
3.573999999999999773e+02
3.545000000000000000e+02
3.571000000000000227e+02
3.523000000000000114e+02
3.536999999999999886e+02
3.546000000000000227e+02
3.528999999999999773e+02
3.588999999999999773e+02
3.526999999999999886e+02
3.581000000000000227e+02
3.565000000000000000e+02
3.538000000000000114e+02
3.563999999999999773e+02
3.563000000000000114e+02
3.493999999999999773e+02
3.568999999999999773e+02
3.548000000000000114e+02
3.526999999999999886e+02
3.578999999999999773e+02
3.655000000000000000e+02
3.606999999999999886e+02
3.555000000000000000e+02
3.606999999999999886e+02
3.543999999999999773e+02
3.635000000000000000e+02
3.621999999999999886e+02
3.521999999999999886e+02
3.538000000000000114e+02
3.583999999999999773e+02
3.576999999999999886e+02
3.583000000000000114e+02
3.566999999999999886e+02
3.568999999999999773e+02
3.608999999999999773e+02
3.525000000000000000e+02
3.581000000000000227e+02
3.560000000000000000e+02
3.546000000000000227e+02
3.551000000000000227e+02
3.568000000000000114e+02
3.545000000000000000e+02
3.523999999999999773e+02
3.576000000000000227e+02
3.578999999999999773e+02
3.551000000000000227e+02
3.498000000000000114e+02
3.538000000000000114e+02
3.611999999999999886e+02
3.643999999999999773e+02
3.568000000000000114e+02
3.553999999999999773e+02
3.663999999999999773e+02
3.483000000000000114e+02
3.546000000000000227e+02
3.556999999999999886e+02
3.571000000000000227e+02
3.538999999999999773e+02
3.576000000000000227e+02
3.568999999999999773e+02
3.583999999999999773e+02
3.565000000000000000e+02
3.581000000000000227e+02
3.496999999999999886e+02
3.491000000000000227e+02
3.550000000000000000e+02
3.568999999999999773e+02
3.548999999999999773e+02
3.580000000000000000e+02
3.586999999999999886e+02
3.561999999999999886e+02
3.553999999999999773e+02
3.591000000000000227e+02
3.538999999999999773e+02
3.523000000000000114e+02
3.608000000000000114e+02
3.608000000000000114e+02
3.596999999999999886e+02
3.533000000000000114e+02
3.578999999999999773e+02
3.583999999999999773e+02
3.555000000000000000e+02
3.553000000000000114e+02
3.546999999999999886e+02
3.488000000000000114e+02
3.536000000000000227e+02
3.565000000000000000e+02
3.528000000000000114e+02
3.611999999999999886e+02
3.641999999999999886e+02
3.581000000000000227e+02
3.543000000000000114e+02
3.575000000000000000e+02
3.573000000000000114e+02
3.640000000000000000e+02
3.593999999999999773e+02
3.638999999999999773e+02
3.535000000000000000e+02
3.555000000000000000e+02
3.580000000000000000e+02
3.551999999999999886e+02
3.543000000000000114e+02
3.538999999999999773e+02
3.553000000000000114e+02
3.600000000000000000e+02
3.601999999999999886e+02
3.611999999999999886e+02
3.501999999999999886e+02
3.628999999999999773e+02
3.561999999999999886e+02
3.553999999999999773e+02
3.561999999999999886e+02
3.581999999999999886e+02
3.596000000000000227e+02
3.526999999999999886e+02
3.586000000000000227e+02
3.561999999999999886e+02
3.553999999999999773e+02
3.565000000000000000e+02
3.553999999999999773e+02
3.546000000000000227e+02
3.583000000000000114e+02
3.553999999999999773e+02
3.601000000000000227e+02
3.520000000000000000e+02
3.593000000000000114e+02
3.655000000000000000e+02
3.551000000000000227e+02
3.558000000000000114e+02
3.548000000000000114e+02
3.541999999999999886e+02
3.638000000000000114e+02
3.598000000000000114e+02
3.573000000000000114e+02
3.518000000000000114e+02
3.608000000000000114e+02
3.531999999999999886e+02
3.561999999999999886e+02
3.633999999999999773e+02
3.570000000000000000e+02
3.550000000000000000e+02
3.583999999999999773e+02
3.536999999999999886e+02
3.595000000000000000e+02
3.626000000000000227e+02
3.615000000000000000e+02
3.576000000000000227e+02
3.533999999999999773e+02
3.555000000000000000e+02
3.538999999999999773e+02
3.561000000000000227e+02
3.565000000000000000e+02
3.521999999999999886e+02
3.578000000000000114e+02
3.565000000000000000e+02
3.593999999999999773e+02
3.570000000000000000e+02
3.550000000000000000e+02
3.525000000000000000e+02
3.568000000000000114e+02
3.585000000000000000e+02
3.568000000000000114e+02
3.615000000000000000e+02
3.588000000000000114e+02
3.556000000000000227e+02
3.596999999999999886e+02
3.633000000000000114e+02
3.610000000000000000e+02
3.540000000000000000e+02
3.556999999999999886e+02
3.593000000000000114e+02
3.593999999999999773e+02
3.576000000000000227e+02
3.491000000000000227e+02
3.600000000000000000e+02
3.575000000000000000e+02
3.623000000000000114e+02
3.586999999999999886e+02
3.608999999999999773e+02
3.553000000000000114e+02
3.601999999999999886e+02
3.500000000000000000e+02
3.568999999999999773e+02
3.526999999999999886e+02
3.565000000000000000e+02
3.608999999999999773e+02
3.581999999999999886e+02
3.558000000000000114e+02
3.605000000000000000e+02
3.543000000000000114e+02
3.620000000000000000e+02
3.566999999999999886e+02
3.570000000000000000e+02
3.635000000000000000e+02
3.556999999999999886e+02
3.546999999999999886e+02
3.600000000000000000e+02
3.553000000000000114e+02
3.633000000000000114e+02
3.585000000000000000e+02
3.611000000000000227e+02
3.528999999999999773e+02
3.571999999999999886e+02
3.598000000000000114e+02
3.601999999999999886e+02
3.493000000000000114e+02
3.651999999999999886e+02
3.575000000000000000e+02
3.520000000000000000e+02
3.608999999999999773e+02
3.585000000000000000e+02
3.643000000000000114e+02
3.596999999999999886e+02
3.561999999999999886e+02
3.521999999999999886e+02
3.578999999999999773e+02
3.600000000000000000e+02
3.493999999999999773e+02
3.601999999999999886e+02
3.563000000000000114e+02
3.603999999999999773e+02
3.596000000000000227e+02
3.563999999999999773e+02
3.488999999999999773e+02
3.476000000000000227e+02
3.578999999999999773e+02
3.566000000000000227e+02
3.656999999999999886e+02
3.523000000000000114e+02
3.541999999999999886e+02
3.503999999999999773e+02
3.651999999999999886e+02
3.598000000000000114e+02
3.563000000000000114e+02
3.596999999999999886e+02
3.633999999999999773e+02
3.540000000000000000e+02
3.575000000000000000e+02
3.510000000000000000e+02
3.556999999999999886e+02
3.568000000000000114e+02
3.628000000000000114e+02
3.623000000000000114e+02
3.628000000000000114e+02
3.538999999999999773e+02
3.578999999999999773e+02
3.545000000000000000e+02
3.556000000000000227e+02
3.586999999999999886e+02
3.588000000000000114e+02
3.603000000000000114e+02
3.511000000000000227e+02
3.561000000000000227e+02
3.545000000000000000e+02
3.528999999999999773e+02
3.541000000000000227e+02
3.583999999999999773e+02
3.625000000000000000e+02
3.573999999999999773e+02
3.611000000000000227e+02
3.535000000000000000e+02
3.646000000000000227e+02
3.581000000000000227e+02
3.500000000000000000e+02
3.543000000000000114e+02
3.543999999999999773e+02
3.528999999999999773e+02
3.551000000000000227e+02
3.513000000000000114e+02
3.521999999999999886e+02
3.550000000000000000e+02
3.461000000000000227e+02
3.528999999999999773e+02
3.581000000000000227e+02
3.603999999999999773e+02
3.546000000000000227e+02
3.536999999999999886e+02
3.581000000000000227e+02
3.626000000000000227e+02
3.573000000000000114e+02
3.565000000000000000e+02
3.560000000000000000e+02
3.540000000000000000e+02
3.576999999999999886e+02
3.520000000000000000e+02
3.608999999999999773e+02
3.528999999999999773e+02
3.570000000000000000e+02
3.526999999999999886e+02
3.560000000000000000e+02
3.536999999999999886e+02
3.581999999999999886e+02
3.578000000000000114e+02
3.566999999999999886e+02
3.583000000000000114e+02
3.546000000000000227e+02
3.580000000000000000e+02
3.556000000000000227e+02
3.561999999999999886e+02
3.588000000000000114e+02
3.601999999999999886e+02
3.505000000000000000e+02
3.526999999999999886e+02
3.628000000000000114e+02
3.601000000000000227e+02
3.498000000000000114e+02
3.581999999999999886e+02
3.563000000000000114e+02
3.508999999999999773e+02
3.585000000000000000e+02
3.610000000000000000e+02
3.578000000000000114e+02
3.521000000000000227e+02
3.568000000000000114e+02
3.595000000000000000e+02
3.616999999999999886e+02
3.531000000000000227e+02
3.533999999999999773e+02
3.516999999999999886e+02
3.538000000000000114e+02
3.533999999999999773e+02
3.671999999999999886e+02
3.501000000000000227e+02
3.556000000000000227e+02
3.490000000000000000e+02
3.568000000000000114e+02
3.505000000000000000e+02
3.563000000000000114e+02
3.568000000000000114e+02
3.561999999999999886e+02
3.593999999999999773e+02
3.528999999999999773e+02
3.636999999999999886e+02
3.581999999999999886e+02
3.571999999999999886e+02
3.536999999999999886e+02
3.688999999999999773e+02
3.566999999999999886e+02
3.503000000000000114e+02
3.495000000000000000e+02
3.561999999999999886e+02
3.570000000000000000e+02
3.546000000000000227e+02
3.556999999999999886e+02
3.625000000000000000e+02
3.555000000000000000e+02
3.611999999999999886e+02
3.546000000000000227e+02
3.553999999999999773e+02
3.526000000000000227e+02
3.536000000000000227e+02
3.645000000000000000e+02
3.546999999999999886e+02
3.681999999999999886e+02
3.536000000000000227e+02
3.546000000000000227e+02
3.535000000000000000e+02
3.556999999999999886e+02
3.608999999999999773e+02
3.571000000000000227e+02
3.595000000000000000e+02
3.528999999999999773e+02
3.566999999999999886e+02
3.553999999999999773e+02
3.598999999999999773e+02
3.558999999999999773e+02
3.481999999999999886e+02
3.643999999999999773e+02
3.461000000000000227e+02
3.535000000000000000e+02
3.601000000000000227e+02
3.583000000000000114e+02
3.551999999999999886e+02
3.596999999999999886e+02
3.545000000000000000e+02
3.561000000000000227e+02
3.501999999999999886e+02
3.546999999999999886e+02
3.585000000000000000e+02
3.608999999999999773e+02
3.578000000000000114e+02
3.601000000000000227e+02
3.585000000000000000e+02
3.528000000000000114e+02
3.576999999999999886e+02
3.588000000000000114e+02
3.653000000000000114e+02
3.555000000000000000e+02
3.551000000000000227e+02
3.556999999999999886e+02
3.621000000000000227e+02
3.516999999999999886e+02
3.518999999999999773e+02
3.600000000000000000e+02
3.586999999999999886e+02
3.586999999999999886e+02
3.646000000000000227e+02
3.511999999999999886e+02
3.635000000000000000e+02
3.548000000000000114e+02
3.598000000000000114e+02
3.568000000000000114e+02
3.520000000000000000e+02
3.570000000000000000e+02
3.631999999999999886e+02
3.586000000000000227e+02
3.513999999999999773e+02
3.558999999999999773e+02
3.546999999999999886e+02
3.556999999999999886e+02
3.563000000000000114e+02
3.503000000000000114e+02
3.496000000000000227e+02
3.645000000000000000e+02
3.545000000000000000e+02
3.666999999999999886e+02
3.623999999999999773e+02
3.528999999999999773e+02
3.533999999999999773e+02
3.616999999999999886e+02
3.493999999999999773e+02
3.595000000000000000e+02
3.573000000000000114e+02
3.541000000000000227e+02
3.570000000000000000e+02
3.613000000000000114e+02
3.575000000000000000e+02
3.640000000000000000e+02
3.505000000000000000e+02
3.601999999999999886e+02
3.550000000000000000e+02
3.616000000000000227e+02
3.641999999999999886e+02
3.550000000000000000e+02
3.573000000000000114e+02
3.533000000000000114e+02
3.536999999999999886e+02
3.548000000000000114e+02
3.545000000000000000e+02
3.533999999999999773e+02
3.571999999999999886e+02
3.603999999999999773e+02
3.613999999999999773e+02
3.573000000000000114e+02
3.505000000000000000e+02
3.623000000000000114e+02
3.588999999999999773e+02
3.570000000000000000e+02
3.523000000000000114e+02
3.613000000000000114e+02
3.520000000000000000e+02
3.586000000000000227e+02
3.578000000000000114e+02
3.590000000000000000e+02
3.541000000000000227e+02
3.615000000000000000e+02
3.618999999999999773e+02
3.598999999999999773e+02
3.530000000000000000e+02
3.561999999999999886e+02
3.586999999999999886e+02
3.651999999999999886e+02
3.603999999999999773e+02
3.581999999999999886e+02
3.615000000000000000e+02
3.588999999999999773e+02
3.610000000000000000e+02
3.531000000000000227e+02
3.660000000000000000e+02
3.516000000000000227e+02
3.596000000000000227e+02
3.561999999999999886e+02
3.593000000000000114e+02
3.596000000000000227e+02
3.540000000000000000e+02
3.603000000000000114e+02
3.558000000000000114e+02
3.638000000000000114e+02
3.526000000000000227e+02
3.601000000000000227e+02
3.608000000000000114e+02
3.515000000000000000e+02
3.526000000000000227e+02
3.528000000000000114e+02
3.576000000000000227e+02
3.558000000000000114e+02
3.636999999999999886e+02
3.508999999999999773e+02
3.633999999999999773e+02
3.580000000000000000e+02
3.601999999999999886e+02
3.571999999999999886e+02
3.573000000000000114e+02
3.558000000000000114e+02
3.573000000000000114e+02
3.638999999999999773e+02
3.541000000000000227e+02
3.510000000000000000e+02
3.588999999999999773e+02
3.685000000000000000e+02
3.533000000000000114e+02
3.523000000000000114e+02
3.601999999999999886e+02
3.570000000000000000e+02
3.508000000000000114e+02
3.650000000000000000e+02
3.575000000000000000e+02
3.526999999999999886e+02
3.540000000000000000e+02
3.523000000000000114e+02
3.578999999999999773e+02
3.643000000000000114e+02
3.526999999999999886e+02
3.600000000000000000e+02
3.570000000000000000e+02
3.536000000000000227e+02
3.521999999999999886e+02
3.571999999999999886e+02
3.560000000000000000e+02
3.545000000000000000e+02
3.560000000000000000e+02
3.518000000000000114e+02
3.586999999999999886e+02
3.600000000000000000e+02
3.591000000000000227e+02
3.591000000000000227e+02
3.590000000000000000e+02
3.591000000000000227e+02
3.578000000000000114e+02
3.566999999999999886e+02
3.575000000000000000e+02
3.541000000000000227e+02
3.601000000000000227e+02
3.548000000000000114e+02
3.588999999999999773e+02
3.508000000000000114e+02
3.548999999999999773e+02
3.528999999999999773e+02
3.621000000000000227e+02
3.491000000000000227e+02
3.526999999999999886e+02
3.583000000000000114e+02
3.606999999999999886e+02
3.563999999999999773e+02
3.553999999999999773e+02
3.581000000000000227e+02
3.603000000000000114e+02
3.576999999999999886e+02
3.485000000000000000e+02
3.543000000000000114e+02
3.518999999999999773e+02
3.626999999999999886e+02
3.615000000000000000e+02
3.606999999999999886e+02
3.553000000000000114e+02
3.558000000000000114e+02
3.603000000000000114e+02
3.608000000000000114e+02
3.593999999999999773e+02
3.583000000000000114e+02
3.568999999999999773e+02
3.585000000000000000e+02
3.563000000000000114e+02
3.520000000000000000e+02
3.570000000000000000e+02
3.580000000000000000e+02
3.615000000000000000e+02
3.536999999999999886e+02
3.551999999999999886e+02
3.565000000000000000e+02
3.581999999999999886e+02
3.558000000000000114e+02
3.588999999999999773e+02
3.553999999999999773e+02
3.555000000000000000e+02
3.613000000000000114e+02
3.583999999999999773e+02
3.546000000000000227e+02
3.625000000000000000e+02
3.576999999999999886e+02
3.606000000000000227e+02
3.578000000000000114e+02
3.561000000000000227e+02
3.558000000000000114e+02
3.491999999999999886e+02
3.551999999999999886e+02
3.546999999999999886e+02
3.631999999999999886e+02
3.596999999999999886e+02
3.495000000000000000e+02
3.556999999999999886e+02
3.560000000000000000e+02
3.483000000000000114e+02
3.516999999999999886e+02
3.546999999999999886e+02
3.586999999999999886e+02
3.481999999999999886e+02
3.623000000000000114e+02
3.541000000000000227e+02
3.548999999999999773e+02
3.556999999999999886e+02
3.555000000000000000e+02
3.526999999999999886e+02
3.536999999999999886e+02
3.548999999999999773e+02
3.621999999999999886e+02
3.588999999999999773e+02
3.513000000000000114e+02
3.570000000000000000e+02
3.573000000000000114e+02
3.541000000000000227e+02
3.610000000000000000e+02
3.658999999999999773e+02
3.570000000000000000e+02
3.546000000000000227e+02
3.596000000000000227e+02
3.586000000000000227e+02
3.560000000000000000e+02
3.593000000000000114e+02
3.566000000000000227e+02
3.603000000000000114e+02
3.563000000000000114e+02
3.598999999999999773e+02
3.571000000000000227e+02
3.593999999999999773e+02
3.588000000000000114e+02
3.560000000000000000e+02
3.551000000000000227e+02
3.548000000000000114e+02
3.598999999999999773e+02
3.608999999999999773e+02
3.615000000000000000e+02
3.625000000000000000e+02
3.570000000000000000e+02
3.653000000000000114e+02
3.568000000000000114e+02
3.621999999999999886e+02
3.595000000000000000e+02
3.613000000000000114e+02
3.561000000000000227e+02
3.581999999999999886e+02
3.600000000000000000e+02
3.593999999999999773e+02
3.563999999999999773e+02
3.568000000000000114e+02
3.641000000000000227e+02
3.543999999999999773e+02
3.601000000000000227e+02
3.543999999999999773e+02
3.616999999999999886e+02
3.658000000000000114e+02
3.571000000000000227e+02
3.526000000000000227e+02
3.553000000000000114e+02
3.546000000000000227e+02
3.596000000000000227e+02
3.655000000000000000e+02
3.506999999999999886e+02
3.536999999999999886e+02
3.568999999999999773e+02
3.571999999999999886e+02
3.523999999999999773e+02
3.591999999999999886e+02
3.583999999999999773e+02
3.571000000000000227e+02
3.581999999999999886e+02
3.550000000000000000e+02
3.590000000000000000e+02
3.526999999999999886e+02
3.625000000000000000e+02
3.546999999999999886e+02
3.506000000000000227e+02
3.605000000000000000e+02
3.596999999999999886e+02
3.533999999999999773e+02
3.553000000000000114e+02
3.503999999999999773e+02
3.591999999999999886e+02
3.591999999999999886e+02
3.591000000000000227e+02
3.578000000000000114e+02
3.500000000000000000e+02
3.603000000000000114e+02
3.533000000000000114e+02
3.508000000000000114e+02
3.583000000000000114e+02
3.573999999999999773e+02
3.550000000000000000e+02
3.641999999999999886e+02
3.591999999999999886e+02
3.546000000000000227e+02
3.515000000000000000e+02
3.535000000000000000e+02
3.580000000000000000e+02
3.583000000000000114e+02
3.638000000000000114e+02
3.618000000000000114e+02
3.563999999999999773e+02
3.586999999999999886e+02
3.598000000000000114e+02
3.621999999999999886e+02
3.591999999999999886e+02
3.531000000000000227e+02
3.568999999999999773e+02
3.493000000000000114e+02
3.576000000000000227e+02
3.513000000000000114e+02
3.591000000000000227e+02
3.538999999999999773e+02
3.565000000000000000e+02
3.563000000000000114e+02
3.491000000000000227e+02
3.583000000000000114e+02
3.555000000000000000e+02
3.555000000000000000e+02
3.653999999999999773e+02
3.653999999999999773e+02
3.561000000000000227e+02
3.605000000000000000e+02
3.548999999999999773e+02
3.623000000000000114e+02
3.555000000000000000e+02
3.538000000000000114e+02
3.561000000000000227e+02
3.626999999999999886e+02
3.576999999999999886e+02
3.546000000000000227e+02
3.578000000000000114e+02
3.518000000000000114e+02
3.628999999999999773e+02
3.571999999999999886e+02
3.571999999999999886e+02
3.598999999999999773e+02
3.553999999999999773e+02
3.583000000000000114e+02
3.610000000000000000e+02
3.558999999999999773e+02
3.590000000000000000e+02
3.605000000000000000e+02
3.636999999999999886e+02
3.525000000000000000e+02
3.560000000000000000e+02
3.551999999999999886e+02
3.608000000000000114e+02
3.591999999999999886e+02
3.503000000000000114e+02
3.526000000000000227e+02
3.541999999999999886e+02
3.535000000000000000e+02
3.558000000000000114e+02
3.548000000000000114e+02
3.556000000000000227e+02
3.546999999999999886e+02
3.500000000000000000e+02
3.555000000000000000e+02
3.558000000000000114e+02
3.546999999999999886e+02
3.563999999999999773e+02
3.621999999999999886e+02
3.508000000000000114e+02
3.555000000000000000e+02
3.573000000000000114e+02
3.558000000000000114e+02
3.513000000000000114e+02
3.606000000000000227e+02
3.571999999999999886e+02
3.530000000000000000e+02
3.551999999999999886e+02
3.560000000000000000e+02
3.581000000000000227e+02
3.585000000000000000e+02
3.515000000000000000e+02
3.593999999999999773e+02
3.613999999999999773e+02
3.571999999999999886e+02
3.598000000000000114e+02
3.580000000000000000e+02
3.506999999999999886e+02
3.573000000000000114e+02
3.570000000000000000e+02
3.695000000000000000e+02
3.560000000000000000e+02
3.576000000000000227e+02
3.523000000000000114e+02
3.586000000000000227e+02
3.561000000000000227e+02
3.551999999999999886e+02
3.493999999999999773e+02
3.655000000000000000e+02
3.581999999999999886e+02
3.520000000000000000e+02
3.616999999999999886e+02
3.606000000000000227e+02
3.596000000000000227e+02
3.553999999999999773e+02
3.538999999999999773e+02
3.588999999999999773e+02
3.505000000000000000e+02
3.555000000000000000e+02
3.598999999999999773e+02
3.565000000000000000e+02
3.533999999999999773e+02
3.558999999999999773e+02
3.585000000000000000e+02
3.613000000000000114e+02
3.626000000000000227e+02
3.616000000000000227e+02
3.501000000000000227e+02
3.511000000000000227e+02
3.593000000000000114e+02
3.536000000000000227e+02
3.598000000000000114e+02
3.603000000000000114e+02
3.565000000000000000e+02
3.578999999999999773e+02
3.563999999999999773e+02
3.530000000000000000e+02
3.493000000000000114e+02
3.563999999999999773e+02
3.578999999999999773e+02
3.571999999999999886e+02
3.648999999999999773e+02
3.530000000000000000e+02
3.531000000000000227e+02
3.558999999999999773e+02
3.558999999999999773e+02
3.548000000000000114e+02
3.575000000000000000e+02
3.598999999999999773e+02
3.485000000000000000e+02
3.575000000000000000e+02
3.586999999999999886e+02
3.616000000000000227e+02
3.598999999999999773e+02
3.598999999999999773e+02
3.586000000000000227e+02
3.573000000000000114e+02
3.575000000000000000e+02
3.518999999999999773e+02
3.648999999999999773e+02
3.563000000000000114e+02
3.578000000000000114e+02
3.541000000000000227e+02
3.518000000000000114e+02
3.530000000000000000e+02
3.628999999999999773e+02
3.563000000000000114e+02
3.556000000000000227e+02
3.558000000000000114e+02
3.538000000000000114e+02
3.550000000000000000e+02
3.536000000000000227e+02
3.581999999999999886e+02
3.548000000000000114e+02
3.608999999999999773e+02
3.608000000000000114e+02
3.536999999999999886e+02
3.551999999999999886e+02
3.550000000000000000e+02
3.561999999999999886e+02
3.541000000000000227e+02
3.541999999999999886e+02
3.640000000000000000e+02
3.550000000000000000e+02
3.648000000000000114e+02
3.596999999999999886e+02
3.500000000000000000e+02
3.570000000000000000e+02
3.586000000000000227e+02
3.611000000000000227e+02
3.551999999999999886e+02
3.551999999999999886e+02
3.473999999999999773e+02
3.663999999999999773e+02
3.625000000000000000e+02
3.593000000000000114e+02
3.611000000000000227e+02
3.561999999999999886e+02
3.536999999999999886e+02
3.663999999999999773e+02
3.528999999999999773e+02
3.651000000000000227e+02
3.625000000000000000e+02
3.570000000000000000e+02
3.516999999999999886e+02
3.625000000000000000e+02
3.628999999999999773e+02
3.628000000000000114e+02
3.628000000000000114e+02
3.610000000000000000e+02
3.523000000000000114e+02
3.530000000000000000e+02
3.535000000000000000e+02
3.593999999999999773e+02
3.553999999999999773e+02
3.623999999999999773e+02
3.553000000000000114e+02
3.593999999999999773e+02
3.608000000000000114e+02
3.623000000000000114e+02
3.548999999999999773e+02
3.706999999999999886e+02
3.608000000000000114e+02
3.593999999999999773e+02
3.631000000000000227e+02
3.558999999999999773e+02
3.511000000000000227e+02
3.550000000000000000e+02
3.583999999999999773e+02
3.538999999999999773e+02
3.536999999999999886e+02
3.611000000000000227e+02
3.566000000000000227e+02
3.646000000000000227e+02
3.553000000000000114e+02
3.608999999999999773e+02
3.580000000000000000e+02
3.575000000000000000e+02
3.483000000000000114e+02
3.601000000000000227e+02
3.596000000000000227e+02
3.628000000000000114e+02
3.501999999999999886e+02
3.561999999999999886e+02
3.548999999999999773e+02
3.508999999999999773e+02
3.571000000000000227e+02
3.578000000000000114e+02
3.606999999999999886e+02
3.590000000000000000e+02
3.565000000000000000e+02
3.611000000000000227e+02
3.575000000000000000e+02
3.560000000000000000e+02
3.581999999999999886e+02
3.545000000000000000e+02
3.628999999999999773e+02
3.616000000000000227e+02
3.558999999999999773e+02
3.596999999999999886e+02
3.593999999999999773e+02
3.555000000000000000e+02
3.530000000000000000e+02
3.581999999999999886e+02
3.548000000000000114e+02
3.558000000000000114e+02
3.496999999999999886e+02
3.626999999999999886e+02
3.598000000000000114e+02
3.611999999999999886e+02
3.573000000000000114e+02
3.593000000000000114e+02
3.581999999999999886e+02
3.603000000000000114e+02
3.533000000000000114e+02
3.540000000000000000e+02
3.585000000000000000e+02
3.603000000000000114e+02
3.501000000000000227e+02
3.596000000000000227e+02
3.566999999999999886e+02
3.628000000000000114e+02
3.563999999999999773e+02
3.568999999999999773e+02
3.556999999999999886e+02
3.600000000000000000e+02
3.530000000000000000e+02
3.546000000000000227e+02
3.626999999999999886e+02
3.591999999999999886e+02
3.536000000000000227e+02
3.586000000000000227e+02
3.628999999999999773e+02
3.556000000000000227e+02
3.598000000000000114e+02
3.548000000000000114e+02
3.461999999999999886e+02
3.601000000000000227e+02
3.576999999999999886e+02
3.490000000000000000e+02
3.538999999999999773e+02
3.555000000000000000e+02
3.540000000000000000e+02
3.526999999999999886e+02
3.583000000000000114e+02
3.546999999999999886e+02
3.571999999999999886e+02
3.638000000000000114e+02
3.518999999999999773e+02
3.536000000000000227e+02
3.608000000000000114e+02
3.536000000000000227e+02
3.520000000000000000e+02
3.636000000000000227e+02
3.643000000000000114e+02
3.586000000000000227e+02
3.630000000000000000e+02
3.523999999999999773e+02
3.575000000000000000e+02
3.508000000000000114e+02
3.553000000000000114e+02
3.571999999999999886e+02
3.506999999999999886e+02
3.533999999999999773e+02
3.506000000000000227e+02
3.541000000000000227e+02
3.575000000000000000e+02
3.556999999999999886e+02
3.611999999999999886e+02
3.521000000000000227e+02
3.586999999999999886e+02
3.526000000000000227e+02
3.570000000000000000e+02
3.535000000000000000e+02
3.596999999999999886e+02
3.633999999999999773e+02
3.551000000000000227e+02
3.498999999999999773e+02
3.578999999999999773e+02
3.630000000000000000e+02
3.543999999999999773e+02
3.618999999999999773e+02
3.571999999999999886e+02
3.633000000000000114e+02
3.506000000000000227e+02
3.596999999999999886e+02
3.578999999999999773e+02
3.591000000000000227e+02
3.540000000000000000e+02
3.576000000000000227e+02
3.593000000000000114e+02
3.580000000000000000e+02
3.513000000000000114e+02
3.530000000000000000e+02
3.638999999999999773e+02
3.608000000000000114e+02
3.571000000000000227e+02
3.526999999999999886e+02
3.506999999999999886e+02
3.566000000000000227e+02
3.526000000000000227e+02
3.648000000000000114e+02
3.608000000000000114e+02
3.551999999999999886e+02
3.565000000000000000e+02
3.613000000000000114e+02
3.616999999999999886e+02
3.606999999999999886e+02
3.533000000000000114e+02
3.573000000000000114e+02
3.590000000000000000e+02
3.550000000000000000e+02
3.583000000000000114e+02
3.615000000000000000e+02
3.543000000000000114e+02
3.561999999999999886e+02
3.548999999999999773e+02
3.530000000000000000e+02
3.536999999999999886e+02
3.600000000000000000e+02
3.543999999999999773e+02
3.556999999999999886e+02
3.583000000000000114e+02
3.571999999999999886e+02
3.528000000000000114e+02
3.618999999999999773e+02
3.590000000000000000e+02
3.523000000000000114e+02
3.548000000000000114e+02
3.568000000000000114e+02
3.605000000000000000e+02
3.571999999999999886e+02
3.546999999999999886e+02
3.511999999999999886e+02
3.568000000000000114e+02
3.563000000000000114e+02
3.593999999999999773e+02
3.558999999999999773e+02
3.575000000000000000e+02
3.573999999999999773e+02
3.558000000000000114e+02
3.508000000000000114e+02
3.546000000000000227e+02
3.563999999999999773e+02
3.566999999999999886e+02
3.588000000000000114e+02
3.601000000000000227e+02
3.565000000000000000e+02
3.585000000000000000e+02
3.558999999999999773e+02
3.603999999999999773e+02
3.503000000000000114e+02
3.561000000000000227e+02
3.603000000000000114e+02
3.526999999999999886e+02
3.503000000000000114e+02
3.596000000000000227e+02
3.591000000000000227e+02
3.581999999999999886e+02
3.596999999999999886e+02
3.558999999999999773e+02
3.576999999999999886e+02
3.593000000000000114e+02
3.633999999999999773e+02
3.568999999999999773e+02
3.561000000000000227e+02
3.563000000000000114e+02
3.598000000000000114e+02
3.635000000000000000e+02
3.566999999999999886e+02
3.566000000000000227e+02
3.586999999999999886e+02
3.566000000000000227e+02
3.518999999999999773e+02
3.613999999999999773e+02
3.573000000000000114e+02
3.598999999999999773e+02
3.608999999999999773e+02
3.626000000000000227e+02
3.596999999999999886e+02
3.553999999999999773e+02
3.463000000000000114e+02
3.598000000000000114e+02
3.603999999999999773e+02
3.626999999999999886e+02
3.566000000000000227e+02
3.585000000000000000e+02
3.645000000000000000e+02
3.576999999999999886e+02
3.623000000000000114e+02
3.526999999999999886e+02
3.580000000000000000e+02
3.598000000000000114e+02
3.595000000000000000e+02
3.551999999999999886e+02
3.548999999999999773e+02
3.535000000000000000e+02
3.536999999999999886e+02
3.553000000000000114e+02
3.560000000000000000e+02
3.506999999999999886e+02
3.570000000000000000e+02
3.576999999999999886e+02
3.531999999999999886e+02
3.528999999999999773e+02
3.541999999999999886e+02
3.613000000000000114e+02
3.533999999999999773e+02
3.501999999999999886e+02
3.616000000000000227e+02
3.563999999999999773e+02
3.551000000000000227e+02
3.545000000000000000e+02
3.576999999999999886e+02
3.520000000000000000e+02
3.555000000000000000e+02
3.596999999999999886e+02
3.635000000000000000e+02
3.601999999999999886e+02
3.561000000000000227e+02
3.463000000000000114e+02
3.538999999999999773e+02
3.570000000000000000e+02
3.531000000000000227e+02
3.550000000000000000e+02
3.603000000000000114e+02
3.538000000000000114e+02
3.581000000000000227e+02
3.626999999999999886e+02
3.610000000000000000e+02
3.628000000000000114e+02
3.520000000000000000e+02
3.566000000000000227e+02
3.598999999999999773e+02
3.560000000000000000e+02
3.568000000000000114e+02
3.580000000000000000e+02
3.593999999999999773e+02
3.621000000000000227e+02
3.518000000000000114e+02
3.551999999999999886e+02
3.620000000000000000e+02
3.623000000000000114e+02
3.548000000000000114e+02
3.533000000000000114e+02
3.610000000000000000e+02
3.553000000000000114e+02
3.530000000000000000e+02
3.543000000000000114e+02
3.511000000000000227e+02
3.568999999999999773e+02
3.540000000000000000e+02
3.565000000000000000e+02
3.623000000000000114e+02
3.583000000000000114e+02
3.570000000000000000e+02
3.525000000000000000e+02
3.538000000000000114e+02
3.591000000000000227e+02
3.538000000000000114e+02
3.563000000000000114e+02
3.575000000000000000e+02
3.630000000000000000e+02
3.586000000000000227e+02
3.608000000000000114e+02
3.548999999999999773e+02
3.603000000000000114e+02
3.483000000000000114e+02
3.586000000000000227e+02
3.493999999999999773e+02
3.563999999999999773e+02
3.635000000000000000e+02
3.531000000000000227e+02
3.615000000000000000e+02
3.563999999999999773e+02
3.561000000000000227e+02
3.566000000000000227e+02
3.543000000000000114e+02
3.613000000000000114e+02
3.606000000000000227e+02
3.491999999999999886e+02
3.606000000000000227e+02
3.533000000000000114e+02
3.551999999999999886e+02
3.586999999999999886e+02
3.523000000000000114e+02
3.531000000000000227e+02
3.533000000000000114e+02
3.601999999999999886e+02
3.518999999999999773e+02
3.605000000000000000e+02
3.598999999999999773e+02
3.610000000000000000e+02
3.633999999999999773e+02
3.548999999999999773e+02
3.588999999999999773e+02
3.585000000000000000e+02
3.533000000000000114e+02
3.515000000000000000e+02
3.545000000000000000e+02
3.533000000000000114e+02
3.528000000000000114e+02
3.595000000000000000e+02
3.586000000000000227e+02
3.553000000000000114e+02
3.570000000000000000e+02
3.546999999999999886e+02
3.556999999999999886e+02
3.573000000000000114e+02
3.488000000000000114e+02
3.583000000000000114e+02
3.525000000000000000e+02
3.651999999999999886e+02
3.535000000000000000e+02
3.593000000000000114e+02
3.616000000000000227e+02
3.606999999999999886e+02
3.535000000000000000e+02
3.571999999999999886e+02
3.616000000000000227e+02
3.593999999999999773e+02
3.493999999999999773e+02
3.506999999999999886e+02
3.558999999999999773e+02
3.568999999999999773e+02
3.518999999999999773e+02
3.551999999999999886e+02
3.521999999999999886e+02
3.638999999999999773e+02
3.618000000000000114e+02
3.541999999999999886e+02
3.568000000000000114e+02
3.620000000000000000e+02
3.606000000000000227e+02
3.595000000000000000e+02
3.523999999999999773e+02
3.570000000000000000e+02
3.575000000000000000e+02
